Выведем время выполнения программы массив с рандомными числами

0 4 4 7 8 9 15 19 21 23 25 26 27 28 31 40 42 42 43 43 44 44 45 46 46 49 50 52 54 55 61 63 64 65 65 67 69 73 74 75 75 81 84 87 89 91 91 92 95 96 

Выведем время выполнения программы 0,028000

0 4 4 7 8 9 15 19 21 23 25 26 27 28 31 40 42 42 43 43 44 44 45 46 46 49 50 52 54 55 61 63 64 65 65 67 69 73 74 75 75 81 84 87 89 91 91 92 95 96 

Выведем время выполнения программы 0,015000

0 4 4 7 8 9 15 19 21 23 25 26 27 28 31 40 42 42 43 43 44 44 45 46 46 49 50 52 54 55 61 63 64 65 65 67 69 73 74 75 75 81 84 87 89 91 91 92 95 96 

Выведем время выполнения программы 0,024000

------------------------------------------------------------------------------------------------------------------------------------------------
Выведем время выполнения программы массив с возростающей последовательностью

1 2 3 4 5 6 7 8 9 10 11 12 13 14 15 16 17 18 19 20 21 22 23 24 25 26 27 28 29 30 31 32 33 34 35 36 37 38 39 40 41 42 43 44 45 46 47 48 49 12673712 

Выведем время выполнения программы 0,017000

1 2 3 4 5 6 7 8 9 10 11 12 13 14 15 16 17 18 19 20 21 22 23 24 25 26 27 28 29 30 31 32 33 34 35 36 37 38 39 40 41 42 43 44 45 46 47 48 49 12673712 

Выведем время выполнения программы 0,012000

1 2 3 4 5 6 7 8 9 10 11 12 13 14 15 16 17 18 19 20 21 22 23 24 25 26 27 28 29 30 31 32 33 34 35 36 37 38 39 40 41 42 43 44 45 46 47 48 49 12673712 

Выведем время выполнения программы 0,014000

------------------------------------------------------------------------------------------------------------------------------------------------
Выведем время выполнения программы массив с убывающей последовательностью 

1 2 3 4 5 6 7 8 9 10 11 12 13 14 15 16 17 18 19 20 21 22 23 24 25 26 27 28 29 30 31 32 33 34 35 36 37 38 39 40 41 42 43 44 45 46 47 48 49 13853360 

Выведем время выполнения программы 0,016000

1 2 3 4 5 6 7 8 9 10 11 12 13 14 15 16 17 18 19 20 21 22 23 24 25 26 27 28 29 30 31 32 33 34 35 36 37 38 39 40 41 42 43 44 45 46 47 48 49 13853360 

Выведем время выполнения программы 0,013000

1 2 3 4 5 6 7 8 9 10 11 12 13 14 15 16 17 18 19 20 21 22 23 24 25 26 27 28 29 30 31 32 33 34 35 36 37 38 39 40 41 42 43 44 45 46 47 48 49 13853360 

Выведем время выполнения программы 0,018000

------------------------------------------------------------------------------------------------------------------------------------------------

Выведем время выполнения программы массив с начала возростающей потом убывающей последовательностью 

0 0 0 0 0 0 0 0 0 0 0 0 0 0 0 0 1 2 3 4 5 6 7 8 9 10 11 12 13 14 15 16 17 18 19 20 21 22 23 24 25 164270 13697360 13697360 13697360 13722288 13722288 13722288 1241514058 1543503872 

Выведем время выполнения программы 0,025000

0 0 0 0 0 0 0 0 0 0 0 0 0 0 0 0 1 2 3 4 5 6 7 8 9 10 11 12 13 14 15 16 17 18 19 20 21 22 23 24 25 164270 13697360 13697360 13697360 13722288 13722288 13722288 1241514058 1543503872 

Выведем время выполнения программы 0,015000

0 0 0 0 0 0 0 0 0 0 0 0 0 0 0 0 1 2 3 4 5 6 7 8 9 10 11 12 13 14 15 16 17 18 19 20 21 22 23 24 25 164270 13697360 13697360 13697360 13722288 13722288 13722288 1241514058 1543503872 

Выведем время выполнения программы 0,025000

------------------------------------------------------------------------------------------------------------------------------------------------
